{
 "cells": [
  {
   "cell_type": "markdown",
   "metadata": {},
   "source": [
    "# COMP 540 Assignment 2\n",
    "\n",
    "## Question 2"
   ]
  },
  {
   "cell_type": "markdown",
   "metadata": {},
   "source": [
    "Let's first check the code for consistence on a well-conditioned problem."
   ]
  },
  {
   "cell_type": "code",
   "execution_count": 36,
   "metadata": {
    "collapsed": false
   },
   "outputs": [
    {
     "name": "stdout",
     "output_type": "stream",
     "text": [
      "A = \n",
      "25 15 -5\n",
      "15 18 0\n",
      "-5 0 11\n",
      "\n"
     ]
    }
   ],
   "source": [
    "print('A = ')\n",
    "print(open('test').read())"
   ]
  },
  {
   "cell_type": "code",
   "execution_count": 37,
   "metadata": {
    "collapsed": false
   },
   "outputs": [
    {
     "name": "stdout",
     "output_type": "stream",
     "text": [
      " A\n",
      " 25.000000000 15.000000000 -5.000000000\n",
      " 15.000000000 18.000000000  0.000000000\n",
      " -5.000000000  0.000000000 11.000000000\n",
      " L\n",
      "  5.000000000  0.000000000  0.000000000\n",
      "  3.000000000  3.000000000  0.000000000\n",
      " -1.000000000  1.000000000  3.000000000\n",
      " x\n",
      "  1.000000000  1.000000000  1.000000000\n",
      " Ax\n",
      " 35.000000000 33.000000000  6.000000000\n",
      " Relative Error:\n",
      "   0.00000000    \n",
      " Relative Residual:\n",
      "   0.00000000    \n",
      " Relative Matrix Residual\n",
      "   0.00000000    \n"
     ]
    }
   ],
   "source": [
    "%%sh\n",
    "echo '-1' | ./a.out"
   ]
  },
  {
   "cell_type": "markdown",
   "metadata": {},
   "source": [
    "We're good to go!\n",
    "----\n",
    "### n = 2"
   ]
  },
  {
   "cell_type": "code",
   "execution_count": 38,
   "metadata": {
    "collapsed": false
   },
   "outputs": [
    {
     "name": "stdout",
     "output_type": "stream",
     "text": [
      " A\n",
      "  1.000000000  0.500000000\n",
      "  0.500000000  0.333333343\n",
      " L\n",
      "  1.000000000  0.000000000\n",
      "  0.500000000  0.288675159\n",
      " x\n",
      "  0.999999821  1.000000358\n",
      " Ax\n",
      "  1.500000000  0.833333373\n",
      " Relative Error:\n",
      "   2.82729644E-07\n",
      " Relative Residual:\n",
      "   0.00000000    \n",
      " Relative Matrix Residual\n",
      "   0.00000000    \n"
     ]
    }
   ],
   "source": [
    "%%sh\n",
    "echo '2' | ./a.out"
   ]
  },
  {
   "cell_type": "markdown",
   "metadata": {},
   "source": [
    "The relative error is non-zero, but close to machine precision with single precision: $\\approx$ 10$^{-8}$"
   ]
  },
  {
   "cell_type": "code",
   "execution_count": 39,
   "metadata": {
    "collapsed": false
   },
   "outputs": [
    {
     "name": "stdout",
     "output_type": "stream",
     "text": [
      " A\n",
      "  1.000000000  0.500000000  0.333333343  0.250000000\n",
      "  0.500000000  0.333333343  0.250000000  0.200000003\n",
      "  0.333333343  0.250000000  0.200000003  0.166666672\n",
      "  0.250000000  0.200000003  0.166666672  0.142857149\n",
      " L\n",
      "  1.000000000  0.000000000  0.000000000  0.000000000\n",
      "  0.500000000  0.288675159  0.000000000  0.000000000\n",
      "  0.333333343  0.288675100  0.074535698  0.000000000\n",
      "  0.250000000  0.259807616  0.111803345  0.018898834\n",
      " x\n",
      "  0.999999285  1.000005245  0.999994516  1.000000119\n",
      " Ax\n",
      "  2.083333492  1.283333421  0.950000048  0.759523869\n",
      " Relative Error:\n",
      "   3.81143718E-06\n",
      " Relative Residual:\n",
      "   1.79599304E-08\n",
      " Relative Matrix Residual\n",
      "   0.00000000    \n"
     ]
    }
   ],
   "source": [
    "%%sh\n",
    "echo '4' | ./a.out"
   ]
  },
  {
   "cell_type": "markdown",
   "metadata": {},
   "source": [
    "The Relative Error has increased and the Relative Residual is now non-zero."
   ]
  },
  {
   "cell_type": "code",
   "execution_count": 40,
   "metadata": {
    "collapsed": false
   },
   "outputs": [
    {
     "name": "stdout",
     "output_type": "stream",
     "text": [
      " A\n",
      "  1.000000000  0.500000000  0.333333343  0.250000000  0.200000003  0.166666672\n",
      "  0.500000000  0.333333343  0.250000000  0.200000003  0.166666672  0.142857149\n",
      "  0.333333343  0.250000000  0.200000003  0.166666672  0.142857149  0.125000000\n",
      "  0.250000000  0.200000003  0.166666672  0.142857149  0.125000000  0.111111112\n",
      "  0.200000003  0.166666672  0.142857149  0.125000000  0.111111112  0.100000001\n",
      "  0.166666672  0.142857149  0.125000000  0.111111112  0.100000001  0.090909094\n",
      " L\n",
      "  1.000000000  0.000000000  0.000000000  0.000000000  0.000000000  0.000000000\n",
      "  0.500000000  0.288675159  0.000000000  0.000000000  0.000000000  0.000000000\n",
      "  0.333333343  0.288675100  0.074535698  0.000000000  0.000000000  0.000000000\n",
      "  0.250000000  0.259807616  0.111803345  0.018898834  0.000000000  0.000000000\n",
      "  0.200000003  0.230940104  0.127775341  0.037795305  0.004770123  0.000000000\n",
      "  0.166666672  0.206196517  0.133099198  0.052494749  0.011901879  0.001247867\n",
      " x\n",
      "  1.000355959  0.990494132  1.061587930  0.844673574  1.167519808  0.935173154\n",
      " Ax\n",
      "  2.450000286  1.592857242  1.217857242  0.995634854  0.845634937  0.736544013\n",
      " Relative Error:\n",
      "   9.97326523E-02\n",
      " Relative Residual:\n",
      "   1.28536648E-08\n",
      " Relative Matrix Residual\n",
      "   0.00000000    \n"
     ]
    }
   ],
   "source": [
    "%%sh\n",
    "echo '6' | ./a.out"
   ]
  },
  {
   "cell_type": "markdown",
   "metadata": {},
   "source": [
    "Relative Error is almost 10%!"
   ]
  },
  {
   "cell_type": "code",
   "execution_count": 45,
   "metadata": {
    "collapsed": false
   },
   "outputs": [
    {
     "name": "stdout",
     "output_type": "stream",
     "text": [
      " A\n",
      "  1.000000000  0.500000000  0.333333343  0.250000000  0.200000003  0.166666672  0.142857149  0.125000000\n",
      "  0.500000000  0.333333343  0.250000000  0.200000003  0.166666672  0.142857149  0.125000000  0.111111112\n",
      "  0.333333343  0.250000000  0.200000003  0.166666672  0.142857149  0.125000000  0.111111112  0.100000001\n",
      "  0.250000000  0.200000003  0.166666672  0.142857149  0.125000000  0.111111112  0.100000001  0.090909094\n",
      "  0.200000003  0.166666672  0.142857149  0.125000000  0.111111112  0.100000001  0.090909094  0.083333336\n",
      "  0.166666672  0.142857149  0.125000000  0.111111112  0.100000001  0.090909094  0.083333336  0.076923080\n",
      "  0.142857149  0.125000000  0.111111112  0.100000001  0.090909094  0.083333336  0.076923080  0.071428575\n",
      "  0.125000000  0.111111112  0.100000001  0.090909094  0.083333336  0.076923080  0.071428575  0.066666670\n",
      " Error square-rooting:   -1.63912773E-07\n",
      " L:\n",
      "  1.000000000  0.000000000  0.000000000  0.000000000  0.000000000  0.000000000  0.000000000  0.000000000\n",
      "  0.500000000  0.288675159  0.000000000  0.000000000  0.000000000  0.000000000  0.000000000  0.000000000\n",
      "  0.333333343  0.288675100  0.074535698  0.000000000  0.000000000  0.000000000  0.000000000  0.000000000\n",
      "  0.250000000  0.259807616  0.111803345  0.018898834  0.000000000  0.000000000  0.000000000  0.000000000\n",
      "  0.200000003  0.230940104  0.127775341  0.037795305  0.004770123  0.000000000  0.000000000  0.000000000\n",
      "  0.166666672  0.206196517  0.133099198  0.052494749  0.011901879  0.001247867  0.000000000  0.000000000\n",
      "  0.142857149  0.185576841  0.133099303  0.062992834  0.019472536  0.003648070  0.000376246  0.000000000\n",
      "  0.125000000  0.168393821  0.130437165  0.070151746  0.026496518  0.006800575  0.001386169  0.000000000\n"
     ]
    }
   ],
   "source": [
    "%%sh\n",
    "echo '8' | ./a.out"
   ]
  },
  {
   "cell_type": "markdown",
   "metadata": {},
   "source": [
    "The error occurs when calculating the very last diagonal entry, i.e. $L_{8,8}$."
   ]
  },
  {
   "cell_type": "code",
   "execution_count": null,
   "metadata": {
    "collapsed": true
   },
   "outputs": [],
   "source": []
  }
 ],
 "metadata": {
  "kernelspec": {
   "display_name": "Python 2",
   "language": "python",
   "name": "python2"
  },
  "language_info": {
   "codemirror_mode": {
    "name": "ipython",
    "version": 2
   },
   "file_extension": ".py",
   "mimetype": "text/x-python",
   "name": "python",
   "nbconvert_exporter": "python",
   "pygments_lexer": "ipython2",
   "version": "2.7.10"
  }
 },
 "nbformat": 4,
 "nbformat_minor": 0
}
